Path found!
Number of nodes = 255
Total cost = 254
[73,27]
[72,27]
[71,27]
[70,27]
[69,27]
[69,28]
[69,29]
[68,29]
[67,29]
[67,28]
[67,27]
[66,27]
[65,27]
[65,26]
[65,25]
[65,24]
[65,23]
[65,22]
[65,21]
[64,21]
[63,21]
[62,21]
[61,21]
[60,21]
[59,21]
[59,20]
[59,19]
[58,19]
[57,19]
[56,19]
[55,19]
[55,20]
[55,21]
[56,21]
[57,21]
[57,22]
[57,23]
[57,24]
[57,25]
[56,25]
[55,25]
[55,26]
[55,27]
[54,27]
[53,27]
[52,27]
[51,27]
[51,26]
[51,25]
[51,24]
[51,23]
[51,22]
[51,21]
[52,21]
[53,21]
[53,20]
[53,19]
[52,19]
[51,19]
[50,19]
[49,19]
[48,19]
[47,19]
[46,19]
[45,19]
[45,18]
[45,17]
[44,17]
[43,17]
[42,17]
[41,17]
[40,17]
[39,17]
[39,18]
[39,19]
[38,19]
[37,19]
[36,19]
[35,19]
[34,19]
[33,19]
[33,20]
[33,21]
[34,21]
[35,21]
[36,21]
[37,21]
[37,22]
[37,23]
[36,23]
[35,23]
[35,24]
[35,25]
[36,25]
[37,25]
[37,26]
[37,27]
[36,27]
[35,27]
[34,27]
[33,27]
[33,26]
[33,25]
[32,25]
[31,25]
[30,25]
[29,25]
[29,24]
[29,23]
[29,22]
[29,21]
[30,21]
[31,21]
[31,20]
[31,19]
[30,19]
[29,19]
[28,19]
[27,19]
[26,19]
[25,19]
[24,19]
[23,19]
[23,20]
[23,21]
[23,22]
[23,23]
[23,24]
[23,25]
[23,26]
[23,27]
[23,28]
[23,29]
[22,29]
[21,29]
[21,28]
[21,27]
[21,26]
[21,25]
[21,24]
[21,23]
[21,22]
[21,21]
[20,21]
[19,21]
[19,22]
[19,23]
[19,24]
[19,25]
[18,25]
[17,25]
[17,26]
[17,27]
[17,28]
[17,29]
[16,29]
[15,29]
[14,29]
[13,29]
[13,28]
[13,27]
[14,27]
[15,27]
[15,26]
[15,25]
[14,25]
[13,25]
[12,25]
[11,25]
[11,26]
[11,27]
[10,27]
[9,27]
[8,27]
[7,27]
[6,27]
[5,27]
[4,27]
[3,27]
[3,26]
[3,25]
[2,25]
[1,25]
[1,24]
[1,23]
[2,23]
[3,23]
[3,22]
[3,21]
[3,20]
[3,19]
[4,19]
[5,19]
[5,20]
[5,21]
[5,22]
[5,23]
[5,24]
[5,25]
[6,25]
[7,25]
[8,25]
[9,25]
[9,24]
[9,23]
[9,22]
[9,21]
[9,20]
[9,19]
[9,18]
[9,17]
[9,16]
[9,15]
[8,15]
[7,15]
[7,14]
[7,13]
[8,13]
[9,13]
[9,12]
[9,11]
[8,11]
[7,11]
[7,10]
[7,9]
[7,8]
[7,7]
[6,7]
[5,7]
[5,8]
[5,9]
[5,10]
[5,11]
[4,11]
[3,11]
[2,11]
[1,11]
[1,10]
[1,9]
[2,9]
[3,9]
[3,8]
[3,7]
[2,7]
[1,7]
[1,6]
[1,5]
[2,5]
[3,5]
[3,4]
[3,3]
[3,2]
[3,1]
[2,1]
[1,1]

